# T density
442.545855177271 1.12678359131048
453.021459194613 1.12722368965591
450.34432798503 1.12108144272283
448.815318074866 1.11769752223144
454.032732289847 1.12085146415177
443.890312285387 1.12390425708233
448.600681592742 1.12398979238931
454.609602134209 1.12791417399162
454.052091429374 1.13185677212202
453.61618008504 1.13316097026182
458.082909368786 1.12920787338517
455.024225959403 1.12241101526476
455.217166229482 1.12052327233418
449.395834146288 1.13212112384633
435.195747167866 1.14173666311239
450.942494706266 1.13700542288066
448.441349833631 1.12296449152206
450.868260894699 1.11952881979988
447.224704423957 1.11927400765483
443.916403921743 1.12085785209039
445.854421056561 1.12262630567458
455.219811858584 1.11907737013899
447.758192252088 1.12169635032405
447.692121286471 1.12993543115004
451.81141949803 1.1337434294595
452.695631260063 1.12763335467785
447.191061806568 1.12393572505931
443.389141400061 1.12271914899165
457.520827454827 1.12717339247195
446.323231552381 1.12504650901159
452.731618963996 1.12097294912552
455.265315390723 1.12039012003429
448.212529041548 1.12392198837285
443.186443898832 1.1292540607482
450.390474388028 1.12400524833335
445.523037568068 1.11722245259158
450.268162882052 1.11865762026448
448.403577446964 1.12544956866517
447.354076784155 1.12663197778847
452.141612510467 1.12457086061328
449.5409557538 1.12479478456693
445.336935261508 1.12215169152787
461.140747118527 1.12157681311752
451.516810135051 1.12589606820956
449.57114469927 1.12847115721864
453.844858031771 1.12889919767921
452.241197342775 1.12880929956213
450.394372159991 1.1299910236556
454.493819437841 1.1269871118065
450.58405183586 1.12429037045604
440.590324269844 1.12668382444796
454.691332858658 1.13264855856982
449.890276171667 1.13224714211112
446.560368054651 1.13143889935333
452.551561545536 1.12665954056487
455.211300483856 1.12140371103433
443.723797695169 1.11764486152411
445.732179619224 1.11843249553108
454.371986798565 1.12440096517005
442.8051606443 1.13498376748876
455.226668796173 1.1388662153802
451.255445782178 1.1305876708886
439.515926747814 1.12007343137675
452.581585199338 1.11970473574427
450.38499685591 1.12658258362017
452.995063549321 1.12749106047107
442.50537562152 1.12595346208606
447.513019693298 1.1269293890503
446.402827231564 1.12665285865561
444.676361528072 1.12386381714159
451.477578842497 1.12862282041167
455.181380101177 1.13217415234009
445.136295293747 1.12879264351962
446.388688138722 1.12655847366303
454.203143655215 1.12417866332537
447.48393938811 1.12159023828004
449.48412094109 1.12407540584264
450.073034687405 1.12972297306697
445.634291298038 1.13082159134637
450.630629992492 1.12886900822891
460.139811756735 1.12941444321939
448.033410824438 1.13019094776757
449.821081199562 1.12975618615776
445.483775665432 1.12850465299771
452.197917121747 1.13074555790465
454.55222931358 1.12977258852692
440.503816414759 1.12915607213794
454.431701805104 1.13270227850363
444.806867492215 1.13182231582389
444.346610330118 1.12384658141969
451.126321576388 1.12240234125823
450.395711709981 1.12509851363106
449.346080144164 1.13332867300424
442.508546310608 1.1334451177004
454.513744207199 1.12916258118774
455.35170952953 1.1275712586053
444.071336825198 1.12650716355926
454.205160849676 1.1206667780435
452.559432643982 1.12515101082159
444.624789918431 1.13217015711119
452.133512854171 1.13140831900756
447.091297580136 1.12956323504536
454.503519135828 1.12631189084254
445.812026290846 1.12305571372573
444.592959184555 1.11879186394632
452.431936767056 1.1185890657954
450.558035265016 1.12485440149116
447.108895607805 1.12725513867211
458.409666861215 1.1263263985918
454.338194630889 1.12605562285379
444.922007737886 1.12218556364542
451.170244915545 1.12104595733313
454.376410761658 1.1309808574667
440.898897887843 1.13683395507707
455.176088141388 1.1310020903994
452.62131861219 1.12658977488273
454.045411701144 1.12140629784146
449.121065859543 1.12118112395468
455.957732716417 1.12663580248479
446.195430617894 1.13590606080062
446.771699697022 1.14002330330637
450.741392585444 1.13250999139277
443.329195757338 1.12662539875256
445.303345402843 1.12727776293195
451.070776307552 1.13431032212942
441.153304823981 1.1346050602239
450.033140714206 1.13494771676449
451.44731809938 1.13367043223388
441.640147105912 1.13192383934624
449.91186264344 1.13086037762916
451.942903272976 1.13652425228028
451.36082239514 1.13989199201616
447.428277512945 1.13620461597203
453.496372144822 1.13177014641284
450.475048651275 1.13347454872265
445.599954429377 1.13371551845428
445.189376849509 1.13671575989619
447.987686286088 1.13473106266805
445.524531029376 1.13175002286348
446.391098343416 1.13385786998951
452.089793958587 1.13580927847297
447.739755298657 1.12653980242935
452.574856012966 1.12366595173259
450.458305470651 1.13732176479675
442.349561168182 1.1367834719278
447.453197921504 1.12900580765887
445.772890544334 1.13043946704157
448.573064565889 1.13036516262738
452.818196510031 1.13166483614637
455.902452609341 1.1320185362709
452.438223488727 1.13200983384382
444.399914298099 1.1291635557176
454.024201481581 1.13012723269182
450.96812293152 1.12926877451648
457.331276027735 1.12872944567541
448.198294391921 1.13305180734031
444.656218880143 1.13598681698835
453.595267507534 1.13372660282426
450.299678326402 1.12971873095929
448.359797327522 1.12899117489747
452.135464069153 1.13522699064385
447.455813460286 1.13766618659382
452.054422414427 1.13341237260762
449.785509103567 1.12848010004182
450.746096355591 1.12058808530129
448.326003535343 1.11927491639642
450.777910516137 1.13241283110307
451.060222097648 1.13633318607202
450.564257443686 1.13447737683162
455.448084038857 1.13383940321393
452.71430678791 1.13609857008968
445.278163606929 1.13278735136909
449.0935834748 1.12721147346701
450.169641311556 1.12927296759593
448.43468473218 1.13426387824224
446.151576129164 1.13602075956086
451.065239655941 1.13925650989082
450.500949150067 1.14039683847394
442.472064271779 1.13830882150296
458.411774207547 1.13657439528113
450.728636602155 1.13546679070199
444.275260843197 1.13778183229239
463.360942323601 1.14500488151995
453.312168860407 1.13947620631107
448.774972387949 1.13024775890347
455.75713444933 1.12880997394499
445.667223447293 1.13097018861626
450.579476115026 1.13722814308164
454.242760371184 1.14134248267112
439.950834874028 1.14021682004818
454.379179902473 1.13738203475981
447.457864072622 1.13405552568336
448.060839868788 1.13351878478269
442.900546824876 1.13418246759236
449.868180483583 1.1321029141334
447.018786622458 1.13496745243318
448.390533662078 1.13547963766139
449.370546333496 1.13151204998449
457.957018482794 1.13064235167741
447.022909097302 1.12772632646526
449.912575260872 1.12627845954623
449.912575260872 1.12627845954623
432.184651157532 1.13294446212014
419.120191524822 1.13944965267415
426.002969214051 1.14246600347001
428.669000147976 1.14228713483892
419.468490159842 1.13589219931203
420.550617630305 1.13314084801398
430.257377733117 1.13523827397126
421.849844646485 1.14275524441532
428.496538084661 1.14561623848625
425.860367969261 1.14059459951969
427.456479900732 1.1412551295243
425.316118932751 1.14200285132272
435.267192578183 1.1384797301157
426.668324883292 1.14341743143237
423.360567976381 1.1474702861706
429.115289434164 1.14739904813024
427.197279359002 1.14503143078873
420.759033147838 1.14548952977802
430.592804768367 1.15019106425507
426.057051001312 1.14746363611073
421.165277314761 1.1418886774066
428.20543545156 1.14345404601299
428.970728411499 1.14666417356572
418.700015499841 1.14717569993245
423.873405402096 1.14149382305703
432.848545104649 1.13906977772179
424.377541339387 1.14809692932724
420.138101058593 1.15225886157488
430.45129412869 1.14635833877369
422.215010571876 1.14082458645337
429.942171045157 1.14356648357735
423.569363055109 1.14792639080243
424.559469290775 1.14587065276552
421.635511459768 1.14479031847617
427.426455268749 1.1478897881059
420.95941044344 1.15228326658576
431.71133390283 1.15368782648874
425.619462229067 1.14674410594842
425.695551164248 1.14167814575792
423.90666385983 1.14103436502139
429.52092700113 1.14036669788317
425.881056774821 1.14472439696481
429.153383594865 1.15007717313331
422.050500326451 1.15335004597883
427.399015857592 1.15401925434912
430.633262565047 1.15081798416787
425.316225092642 1.14193804599853
422.208104971156 1.14093745178564
428.759487233474 1.14372015444625
420.698919181545 1.14659326464138
420.004644083542 1.15300647356645
427.458653213079 1.15674050643088
425.017500488797 1.15202065291127
424.338699816684 1.14727767063378
434.383114184566 1.15001289186389
418.451434482093 1.14746144600283
425.690125683973 1.14842309623415
429.543004624236 1.15141443341383
427.186619448546 1.15135681777366
423.87272686617 1.14834430283305
421.505721845048 1.1425839554839
425.842639135897 1.13992760790927
428.258433683295 1.13887411280376
429.242861112256 1.14514651674111
426.872005662002 1.15211900735768
427.60216836789 1.15096478825983
420.281006761131 1.14538937167967
424.363545491338 1.14093685480602
428.335585357047 1.14193808609343
424.753615091949 1.14198340948255
426.61372250992 1.14654287409788
426.833003081333 1.15419913366405
423.787207078893 1.15646644147046
424.129364504879 1.15201927311326
423.786306685549 1.14794494649186
423.027469299858 1.14698906434616
426.52931609063 1.14894437293555
425.780488174824 1.1480913295076
422.891040494343 1.14556878809961
422.627573155492 1.14501438456045
422.984880555354 1.14617605206764
430.136169237418 1.14580002232343
422.335294900082 1.14245924963409
427.788922591489 1.14218041959764
429.742084552109 1.14376934943428
420.959991278472 1.14217348668098
429.724865068676 1.1408068278651
422.358500748208 1.14651996819505
418.262564499334 1.15099958358451
429.064902563119 1.14892429304337
430.289807913737 1.14660179988282
428.374806189659 1.14343785350852
426.966611185108 1.14317406706079
429.222166813052 1.14577226038347
424.890345400154 1.15176270738024
426.19200131111 1.14940560007952
418.630667792256 1.14166779998571
422.859889450312 1.14210824098443
426.322920292523 1.14956225061996
426.787136524204 1.15647894730531
423.179126371165 1.15654971338315
428.21881058713 1.15335867984546
420.176144456737 1.15336627177794
423.765481653187 1.15462357831458
425.423326087076 1.15517840756387
429.325751399205 1.15531118682582
423.176973038536 1.15157655519175
419.780133871076 1.14722349342048
432.221819749237 1.15478040587785
419.544636213024 1.16188154694947
424.745344562866 1.15847028207818
430.87171506592 1.15072492219979
417.140875551336 1.15108138857627
423.112144290447 1.15957532491905
421.648139431332 1.1625761942596
425.924201059749 1.16263847232732
430.787133947763 1.16119433555766
421.791010663184 1.15359112734185
426.03800498039 1.14945127636486
422.267179348421 1.15552123104321
418.595670025284 1.16348697750569
422.408847145894 1.16123325450577
428.710825749808 1.15632116682509
420.984251202722 1.1521359554885
428.550558787087 1.15655451001085
429.30311041929 1.15799129540722
427.007792960446 1.15332173359701
424.340998200252 1.15229781740751
425.739090510886 1.15790577336257
425.533461275745 1.16307706309755
429.31441075855 1.15797084019124
421.769314424119 1.1520807534072
428.55573168849 1.15326580186032
425.617056689849 1.1584126963996
425.972554155709 1.15802920292898
428.05275094246 1.1541611808943
424.168751011044 1.15570904777002
418.373865416282 1.15846602458827
424.045708184221 1.15978010033546
436.163958762778 1.15587416133529
421.010981300446 1.14991264757384
424.760676545987 1.14962900243582
427.252120799204 1.15497742139495
419.920824820289 1.15833332151239
426.843345437616 1.15848319034065
422.599755139035 1.15560121283354
420.254545910037 1.15074138804478
429.295802635257 1.15075228442536
427.44305394906 1.1535351598393
421.566520960314 1.15231790944618
427.314578539286 1.14966213099295
418.181660030295 1.1498354403446
429.901080820343 1.1479395563065
426.477158381971 1.152482786877
418.331266808967 1.15290777114841
427.923954162442 1.15426829368135
426.539389236999 1.1507139871803
427.122555572022 1.14831642300954
421.173940381213 1.14696615671663
424.395650242341 1.1466733797788
420.251069026817 1.1453479033109
422.096676341556 1.14784608342349
425.66468986537 1.15285454007093
430.836513301858 1.15493487771034
419.862129639535 1.15282327579066
426.790851766846 1.15554354697077
422.078557572297 1.15829042371491
426.588459071391 1.15808762052497
421.599983998322 1.1527073519757
432.382799805188 1.15118222904707
426.970409714873 1.15123817303763
427.273008445116 1.15409612284987
433.801493643524 1.15160314768272
425.619172160494 1.15483066119912
420.909864522729 1.15565509370418
421.505719373871 1.15255989452021
429.322233785449 1.15704709709042
426.274930247173 1.16306942675262
427.042317530307 1.16283965284761
434.816649777528 1.15734229346331
422.555988279375 1.15519467963498
420.950902435777 1.15574424181508
424.936569008011 1.15389929747834
421.653814928282 1.15571681561014
432.234757446238 1.15765279911485
423.068366066598 1.16059065888789
423.666371601265 1.16167429704738
418.051490915176 1.16550947835476
415.344326435005 1.16419551328338
423.933239820102 1.15896769786447
424.735906098752 1.15507022640688
425.291242695419 1.15795454794963
422.599632943019 1.16719180813371
426.351095786454 1.16699866271138
425.123495254356 1.15914642138606
427.70650423155 1.15274590160289
427.833938479974 1.15268413625832
422.038963741672 1.15713081771135
429.521690562237 1.15961069552901
429.648978524945 1.1574865665131
429.648978524945 1.1574865665131
408.17522064339 1.1593342218968
394.671536723634 1.16125185128261
392.88100687414 1.1678979220308
399.139362154504 1.16617223620874
400.617540090725 1.1581836171889
401.805255986639 1.15819529638499
402.301813380868 1.16643722531837
398.528515530107 1.17064649451077
398.162319359731 1.16760049319339
399.740151722497 1.16417468039372
398.944158807588 1.1643439398238
399.557534655079 1.1646009157976
395.387895823866 1.16486262352359
404.217362333679 1.16656664738121
396.54873906473 1.16844175991594
405.819964993701 1.16607708033734
392.582981008987 1.16200883877161
399.113246143867 1.16647461020358
404.316711547522 1.16693814308999
402.624191774879 1.16439074317501
400.730599121099 1.16080060571487
398.678204850364 1.15971080113762
405.694209548536 1.16456862816577
401.236610108827 1.16594123927484
399.451120639864 1.16301760062072
404.910668251535 1.16265455855636
400.335370952413 1.16324762652894
399.287217632342 1.16869341108503
403.5864422519 1.16829256628994
408.746072160411 1.16265432951649
394.839419817491 1.15994307906328
400.405893956096 1.16120290078491
397.129395454096 1.16524483780174
395.958225736781 1.16668886102838
405.125268325789 1.16382036790961
404.802610086241 1.16441625448552
401.332472171582 1.1673666465029
402.37329132421 1.16549803876509
403.048455565094 1.16473388768082
392.828757695317 1.16243870803291
399.915295633343 1.1613369133659
404.933113889417 1.1615768736486
399.955368867115 1.16022119020827
398.994228126004 1.16047896341382
403.411128506898 1.16490313648747
399.308671712474 1.16495184419788
399.074898662299 1.16282703907243
398.386700400544 1.16164355133838
401.354384891673 1.16598660779296
404.164316268863 1.16918845607142
399.786892886146 1.16837926476608
405.254496548148 1.16846991436229
405.312115933651 1.16569466362716
397.495320163315 1.16570703499362
400.824141700054 1.16667912000128
402.404347142899 1.17072564159968
394.918717629528 1.17555489059915
400.250087385278 1.16704632518515
395.506312728826 1.15774315795496
394.252978623251 1.15758947658979
400.838386516346 1.1663898282001
403.963478962028 1.17172136153988
401.75137152653 1.16826834376119
404.199739832796 1.16210174298267
405.066663059577 1.16119883814439
399.304746395745 1.1659220832991
401.583494494553 1.16667840609357
398.136487543033 1.16238985200733
404.853426777117 1.16233152213613
403.180692608553 1.16460688865544
402.897583666307 1.16669113397722
398.494459907163 1.16659596274289
403.830135090791 1.16244189481915
394.606438410526 1.16194151313367
395.947924744986 1.16715512384151
398.698648418991 1.16729232833486
405.469915924835 1.1694334088878
402.274143103313 1.16616740906093
399.81668553133 1.16299216982599
397.488846234731 1.16212632890519
407.914689539225 1.16449684838039
397.820988005768 1.16829885324129
403.409490818252 1.16883560270945
399.855758499003 1.16773077265283
400.636774112214 1.16451972764406
400.544732809658 1.16300293229967
402.131301959957 1.16329120666333
405.424372175314 1.16019154274866
394.78425827065 1.16437880999206
406.470777855543 1.17352044284661
400.383527137853 1.17092597461679
399.975345430895 1.16696289998833
406.002583875481 1.16416436983954
392.151269590646 1.16791959752866
400.532241292968 1.16650760237836
396.951566018153 1.16096926015041
403.014778421041 1.16359374805961
404.329429419826 1.16573339315024
396.936243596158 1.1678657187255
397.399415209467 1.16837681930883
399.848383349802 1.16021856455669
401.445887038501 1.16151011707627
396.93929078872 1.16411983277053
399.541115666358 1.16711322122704
398.559563871651 1.16451877160759
398.005932411437 1.16328433083737
399.283870959027 1.1628779007702
400.758805914131 1.16527416191859
395.009270683095 1.16767053400054
404.000869535185 1.16750537092803
399.910283537741 1.16413471401841
400.979923995502 1.16160122898767
398.943139199525 1.16268390218791
403.346566560799 1.17194793052257
400.272525134463 1.17259391990348
407.699229651221 1.16737529884056
401.342912477985 1.16485915423797
399.220168601362 1.1648682526449
401.483751252016 1.16968857091509
402.96782988157 1.17145491806433
399.723955049725 1.16803723369166
402.7524678731 1.16883125576318
402.172705454896 1.16686763462148
400.971625914092 1.16839020938778
405.911362544769 1.17071306424821
399.457176524692 1.16917474378995
399.920964671426 1.16605897660087
406.733800442831 1.15969699064377
405.430547294251 1.16126976106302
400.256857379486 1.17334580825269
394.896450442471 1.17616824887058
406.129318764382 1.16946614665638
404.509007045298 1.16491060830837
402.577201174293 1.16362659584701
401.85921020817 1.16880232131365
399.380453179069 1.16523522178348
396.037983335304 1.16284619144789
398.39394994029 1.16248677423837
403.577987210423 1.16554859806545
397.128587746778 1.16484969952893
402.500454751029 1.16646920690763
399.595291396928 1.16639570156151
398.454632016654 1.16748261692095
398.504223478144 1.16776427677339
402.894021716867 1.16357668051539
398.717346303008 1.16954194513105
395.183220511381 1.17690504278104
402.500810363493 1.17263157229994
395.923108330233 1.16062696287056
400.196054124091 1.15823582653947
399.72223832838 1.16538508735075
400.484705019442 1.16785471840761
400.760750164998 1.16629617345928
398.724640557821 1.16642313650316
400.533559359465 1.17003303440388
401.761173488701 1.17090398674073
402.078189700858 1.16920642896503
396.012180195847 1.16543132002086
397.308245440004 1.16566087996378
404.036334443779 1.16932853310112
402.255229962388 1.16840048218393
390.949556366421 1.17026856896988
399.916487664484 1.17263111632269
407.419185775354 1.17500093068686
406.890472233481 1.16539631835964
392.196469033631 1.15722919215901
402.777111590272 1.16208271287085
403.633169377691 1.16506586545878
401.132931190397 1.16787885758088
407.038826556116 1.16731483679129
400.656334189899 1.16600264185871
395.688259244268 1.17158991626136
399.192747681588 1.1750882325702
398.242259169011 1.16750434756302
397.347902809775 1.16434165082097
398.092453347554 1.17002787680757
399.643803037859 1.17523074327547
402.750255846796 1.1708219714347
398.217746927109 1.16549796328656
406.255755023844 1.16632572636293
394.155210475679 1.16986948387845
398.696842926535 1.16841898365483
402.754726335912 1.16665530020542
395.229701716673 1.16993969537632
400.849138082938 1.17541112152238
401.711894152542 1.16299338415112
395.719215276976 1.15664093829668
401.174352223784 1.16780615203127
398.626431076742 1.1734148163316
396.18782924187 1.16516654437191
400.095993280597 1.16283310957948
397.202181607343 1.166315980417
397.433184011784 1.16976932414047
393.127885972264 1.16991313001631
399.696197461765 1.16623793091567
402.278502094363 1.16398252523307
395.233571354288 1.16708072033972
401.454844050352 1.17186254001613
395.284882008492 1.16284666911547
394.349636284623 1.15779447818327
394.349636284623 1.15779447818327
385.271169431066 1.1605364002971
373.419179178677 1.1689479844324
377.10515263198 1.17591382158498
378.637942981081 1.1712968331414
374.145726592922 1.16151429181574
373.665690768554 1.1632287209309
381.051547240646 1.16787812147655
374.672477950116 1.17018264718016
371.436622498859 1.17054949085612
375.488461866215 1.16753265947817
375.815159418925 1.1657301713757
376.434326816642 1.16945334975249
375.143612663758 1.17413294171374
379.11365796338 1.17333155540579
369.154256924935 1.16389378724963
375.679315241161 1.16528678312636
378.973572958886 1.16944884097577
374.41777999927 1.17255895000485
371.89334137709 1.17796745098968
382.590654753888 1.17585182196857
372.737008297989 1.17237572176539
379.198995771554 1.17359650991357
372.814595783851 1.17222233757039
378.341458215308 1.17250078347245
375.89503694023 1.17177687273461
377.183207551316 1.17370063540902
369.087646911766 1.17339184578418
376.945108101636 1.17361039182668
376.096346162127 1.16363728368595
373.764535475485 1.16268898214398
370.000847859746 1.16781741535082
376.534318445407 1.17430654087838
375.218116283572 1.17435185381434
369.43970463652 1.17267832446737
373.058766167469 1.17172301833518
376.275005823646 1.17046572697256
376.028326835878 1.17212857001455
378.093651935855 1.16970558830295
374.707771043201 1.17349933620128
364.88667475537 1.17248911199927
375.592808011112 1.1713955279946
378.751427018417 1.17647942579842
373.954295661238 1.17502405778269
377.68033391281 1.17345238847689
370.633760176471 1.17552534097538
371.306606997535 1.1776620599658
374.232962752215 1.17453762055536
372.233598592463 1.16918945631834
372.115533984946 1.16825168177296
382.35193461153 1.17333377108499
374.709376351998 1.17792292670646
371.328583627287 1.17708719553414
373.672501351227 1.1687013225185
376.281907214281 1.1707687269981
370.668256540624 1.18058840292425
375.982696210018 1.17876546824549
376.709631007213 1.17126344093329
377.039853744619 1.1721601743097
372.301662739417 1.17386097370034
380.192372180145 1.17505472695252
374.082572819934 1.16904385920959
375.223213365798 1.16696122702709
378.915009677702 1.17349304028855
372.461663748342 1.17827394408275
372.85706808201 1.17533028726636
372.003373992365 1.17407006475794
382.534508522094 1.17472405231719
371.965649502438 1.17669607123279
372.783103923685 1.17281017818693
381.820561242795 1.1726168411843
375.920824404241 1.17265973280182
374.567096761716 1.1762946287101
366.390020310306 1.178766147722
374.441031462403 1.18569069094117
371.922988791435 1.18182559165536
366.461063287163 1.17278872520292
374.763100303062 1.17079156242382
374.111245850008 1.1693908459324
372.403577315629 1.17440544926442
376.020725936394 1.17900463170724
370.947683560413 1.17821392744474
372.45373478703 1.17544369071885
374.58583594815 1.17445520647443
373.008180482116 1.1712904136529
376.857445088298 1.17031049444297
373.518251773133 1.17052047991188
373.583680675781 1.17015761275737
373.8968485762 1.17703982618772
377.646215412938 1.1780315279032
371.338383909461 1.17169950884941
369.65995841269 1.17153158210437
376.061443647572 1.17415397792666
377.875751688071 1.17591698213243
379.005405728897 1.17359411339947
371.875526347515 1.17115245190973
375.090918334963 1.17715789268383
376.958509168124 1.17806998065648
374.490321632721 1.17379095161604
376.0455256741 1.17156976570872
383.373277708372 1.1755065952609
376.532147464119 1.17402018157862
369.635320959452 1.1700867624426
378.959377672052 1.17586645440664
377.189105696866 1.17882255607344
370.78487818422 1.17453534692836
373.318536647697 1.17252070336961
377.69316093904 1.17362711984649
372.958499797738 1.1746780385921
379.602830372208 1.17683351199356
370.849459360951 1.17546976313978
378.637440565183 1.17366370170731
374.542758549198 1.17262634039602
373.871401452693 1.17228213667817
380.503565701019 1.17353566880736
376.610237177335 1.17605792530458
369.984959504765 1.17798042829115
367.964976879263 1.17106281802302
374.151343286545 1.17204655321951
369.906315227395 1.17375221120463
378.355157649116 1.17655947762861
373.656032936249 1.16930762152204
375.298269333719 1.16818495181157
375.482372538523 1.17346994070075
379.209630631903 1.17585182990823
373.655193466767 1.1732442060029
377.228946969217 1.16961329819992
379.337811807709 1.1742600310553
372.357990448491 1.17502566189682
377.73697242716 1.16750130419858
365.774628656965 1.16456259053223
372.719045190159 1.17545077038131
375.862368202629 1.17981064559008
372.562214458343 1.17033965825436
373.985720283634 1.17290741928296
375.634376579939 1.17579701125012
367.540856394172 1.17483248338636
375.622164857047 1.17706393272877
379.752754158602 1.17656555266513
372.818759724935 1.16882480964022
378.116282475154 1.16584147427404
377.535737117197 1.16811928748097
367.342624800215 1.17267113032088
374.042739410631 1.17194136779391
373.76170020778 1.17705178915937
376.758233074805 1.1760635345851
373.870983021087 1.16994952019949
377.441602810097 1.16970006555104
376.602182808575 1.1668776696691
373.539489822289 1.1691708568767
376.110458025735 1.17383891008909
369.959617803442 1.17166527818932
378.145234838111 1.17369441060593
373.727096739156 1.17461461161238
367.730431966878 1.17605291722926
377.888394953078 1.17369224231362
380.707017753837 1.17288721974156
372.147949593324 1.16557554566732
376.079293604485 1.16586054068213
376.960147961017 1.17473564917792
375.36337559609 1.17639126337595
372.188734614723 1.17483074787634
378.555358167686 1.17134375323642
366.104523815571 1.16853085130727
377.148525873762 1.17448990672433
375.886419249988 1.17561731136266
373.701130164135 1.17001186272057
370.129598968105 1.16363800879096
371.827938077148 1.16350373038851
375.29005199624 1.16468855172233
375.261268045183 1.16559262626139
369.262501162362 1.16941949707696
375.745021719047 1.16925705450672
377.302558258995 1.16495199950952
375.295836342325 1.16518901780701
379.390956044651 1.16441298864328
375.357982311382 1.1689303300964
374.262569450132 1.17490194916394
380.460337965291 1.16906803935425
374.686576819326 1.15716795504103
370.350352081859 1.16183682157753
379.004460576967 1.17218864373791
373.958315193601 1.17676716067294
376.821586369938 1.17495006612226
377.067389377125 1.17344389792651
371.9674240676 1.17312384069956
383.737000609805 1.16678079122911
375.196364926892 1.16804333373519
372.585530405227 1.17510368046106
382.160122167334 1.18126624452475
371.26379961884 1.17682689800342
372.902976329211 1.16961274785575
371.181930820971 1.17075746959312
374.71826152739 1.17376871582287
375.14787488581 1.17450920064131
371.315418319498 1.17547936585843
373.498179267324 1.17709913887905
380.376964496727 1.17011986300634
373.887310870737 1.16816573653752
370.607765115808 1.17431706623529
372.923154805081 1.17459494170426
372.923154805081 1.17459494170426
359.853849588001 1.17457165361148
347.373278922843 1.17086148780011
346.878314157585 1.17559229261566
348.292896629631 1.17909686428662
352.184556700228 1.17840290324831
348.913859643589 1.17572739135541
352.531851492696 1.17689094288742
350.420964809831 1.17459973165152
352.585130630323 1.17086785880032
349.980502207371 1.17594082612704
349.540109204383 1.17926174388741
346.898748010043 1.17982420067592
351.426876702908 1.17940951565983
353.37541729031 1.17691355856009
346.6560693135 1.17043454814224
354.06630434509 1.17373246285648
352.294198031047 1.18105282181511
342.263292758877 1.18238451531823
353.105009314357 1.17620505371312
348.120240932211 1.17142002366518
351.623869460877 1.17466733694583
354.271590090614 1.1818751657924
349.344505817498 1.18180533865066
350.622961566164 1.17591813092795
351.65283531484 1.17550069758943
350.037206068347 1.17557534424705
354.981290407888 1.17763949595778
356.693783840765 1.17900617546887
349.596406107464 1.17727204789343
351.016632991723 1.17649453005593
352.827583861709 1.17324379164892
349.768244965049 1.16877788199708
348.213444148667 1.17606066849985
351.711490268089 1.18711419141374
352.300078542163 1.18509887814782
352.238678386376 1.17514720514578
351.700016688388 1.17456172407001
347.157732906333 1.18127416675962
353.136911553182 1.18632393326938
351.274077987854 1.17871238060879
351.286530422723 1.17368676615371
347.324104120541 1.17984514531709
353.145421674507 1.18035298852483
351.717031566177 1.17613426524201
344.575569013982 1.17798399235789
351.452370511894 1.17781200504091
352.048551158537 1.17554823802088
351.708182197045 1.18215685522383
343.932104692853 1.18740822114246
348.977128136794 1.1809669787071
349.22614686966 1.16916058254423
348.739356326818 1.17351762497561
346.121493116527 1.17465776814904
345.091908889504 1.17551281491014
349.701683259396 1.18056775893302
345.625547837425 1.17731167308806
346.829316216996 1.18168600450649
352.586352630594 1.18061833717712
345.29093119496 1.17616716823812
352.80051344323 1.17633143430793
353.87932996539 1.17681733986243
345.620147161998 1.17691233622099
349.609692141882 1.17942484071396
354.204180784373 1.18320000657567
349.267079725039 1.17695215290748
351.237991334446 1.17747259246165
348.11284386151 1.17847359459875
349.935014931908 1.17599615988642
346.249697031627 1.17925387871921
352.288169661069 1.17968013580389
348.418484014841 1.17720149093975
347.552822758058 1.17825430422764
353.939726180803 1.1812974298597
351.947231597305 1.17659989711362
341.581769589822 1.17450928309591
355.596401117262 1.18129822856772
348.082324122631 1.18390560321285
348.296425233089 1.17630356956292
349.654281751756 1.16594301317589
349.897891802214 1.17392166244652
342.013342446966 1.18637984542984
348.573275978197 1.18025843659387
349.855629035994 1.17492419750556
349.707330287841 1.1753676201593
348.508658814819 1.17859419981107
351.461148989858 1.18614461212057
351.964536795995 1.18110091730081
347.943748404002 1.17879124543727
352.080078107015 1.17612483326379
350.851617846842 1.17710339398376
353.478607766423 1.17928066605361
344.633944468946 1.17806953718867
348.848051742545 1.17942856608907
350.864978996151 1.1799326108095
344.600831953592 1.1795504388618
352.997041696666 1.18063552582248
353.835541960352 1.18366013432718
349.157794168712 1.17987456459966
352.457325129215 1.17435131153634
347.193677912025 1.17378032989686
355.001180376265 1.18010016288135
354.834488617848 1.17870707377423
347.233500199863 1.17316339665095
351.313107456175 1.1786401311341
351.457490014996 1.18276894469627
355.435858609413 1.17870280642652
349.266860551622 1.17321763159332
353.475875340171 1.17897661543437
348.951980389667 1.18789847180579
348.743150012911 1.18306577458715
353.811933904707 1.17859587826251
354.300937013274 1.17990851703648
350.105272889992 1.17967178808007
349.449524567688 1.17579715222267
351.350695122619 1.17384473449051
354.578809261071 1.17913560385269
352.536819612977 1.18323260572811
347.208035201243 1.18199020289815
350.840929672601 1.17719703215427
346.212803935626 1.17537496900438
348.701818222403 1.18137549415875
352.554212455516 1.18648359679218
352.360205197436 1.18486709851868
353.009110592518 1.17389092015313
350.169023905371 1.17391067391771
354.711973953323 1.18732198605082
350.119218915475 1.18752204242017
348.078453322813 1.18028859191716
348.575530579597 1.17748040092394
347.255356993169 1.17886974285093
348.278314593682 1.18252940729259
352.32361466603 1.18306626807441
342.029964942582 1.17835299197304
348.980450760432 1.17918024434601
352.209013771877 1.18676268780452
350.923066232759 1.18642975600298
346.078852934045 1.17721500780917
352.233489878666 1.17706675575775
351.402875547514 1.17886146018584
353.77659919079 1.18314809347071
346.790189964461 1.18352137631082
349.104048270988 1.18329263132969
353.69726401031 1.17695630729015
346.513170622819 1.17685587222393
346.735134440119 1.18264482733565
345.580256284927 1.182555336127
351.426544079376 1.18261894609981
346.421151950345 1.18591677382565
349.650180044692 1.1889176044015
348.159533247028 1.18421522110993
351.180533551066 1.18364978874646
342.134031401648 1.18122671787969
350.159157609372 1.17720986614735
350.873250001468 1.18465081359317
346.295906142866 1.19279877539094
350.120833815363 1.1888170214064
355.657524889035 1.1791159273513
341.993122704473 1.17790555252333
347.302755397453 1.18255638751587
353.898734731369 1.18556499066981
353.006668989891 1.18535592185064
347.45331512204 1.18568337338013
353.269047927737 1.1838525189368
350.469354074518 1.1797349965122
345.268368694601 1.17819421476631
348.029376837928 1.180925224618
349.720024905282 1.18422348667017
345.348620316699 1.18141514397853
345.914284841284 1.18158742155956
352.363114233943 1.18386664746105
342.250189218542 1.1811983679283
353.401074212587 1.17777966872704
352.450442323271 1.18191225977527
345.135012176166 1.1790992964502
352.354907164808 1.17861746408554
348.682109569488 1.179056270058
352.193996270618 1.18289146521001
346.750699925491 1.18582121740746
349.408314838333 1.18101945124861
351.246911820712 1.17785856339304
353.564487679592 1.18029644005521
347.126024744046 1.18514646568893
348.264207772557 1.18193943256835
351.770545135134 1.17885110563889
346.041417845442 1.17993678865606
352.143641248606 1.17999592520001
350.416396689252 1.17500222323442
344.990854430841 1.17919490900838
344.687912186443 1.1856157857787
352.569477147098 1.17813282588975
345.091022537598 1.17212841673361
347.675843172304 1.17661317148157
350.955987923999 1.18278457229366
343.872297265962 1.17631027938577
350.80005696523 1.17505855913715
346.649661676216 1.17954744983587
346.946493103882 1.178453846336
354.215503602746 1.17899226155611
347.430989375056 1.17760515003169
353.838372428828 1.17658123789064
353.838372428827 1.17658123789064
333.545667611261 1.17534786613774
324.781127676822 1.17741421198262
325.057810035045 1.18376984153803
327.882969308967 1.18419387401303
323.746570762702 1.18049726240175
323.898404506794 1.18109568563399
326.534886364939 1.18890796430721
325.166578136417 1.18405962468245
325.771672248567 1.17828045103497
328.358394631968 1.18054339690592
321.723322480518 1.18446019758629
324.002466381421 1.18680464662095
327.574156205729 1.18821844564003
323.314600214971 1.18471066616127
323.29224405189 1.18547134049979
324.55111775437 1.18601053006557
328.690607219664 1.18265744297309
325.581130734521 1.18222550782363
322.607620808623 1.18548438697627
327.941893271498 1.18625309735921
328.56613156185 1.18430560053468
325.677459433724 1.18630468065727
327.177799284879 1.18821326153409
321.941209533837 1.1926063596854
323.044170150316 1.18478757400869
323.30070819171 1.18183110021581
328.431391501796 1.18800381643927
324.191456142314 1.18480334379189
327.783809447049 1.1852033042041
327.316492452632 1.18902514469036
326.985508086195 1.18620289604953
327.27807702463 1.18671766442249
325.968851291312 1.18931198234893
320.773670943388 1.19180762459942
326.137838725327 1.19291438906781
323.699367435495 1.18905318672986
323.10998552696 1.18501137404952
330.009437816254 1.19462613960351
327.935392775018 1.19582977531466
323.659298900104 1.18483959402673
326.031021452993 1.18619181766626
325.238404387181 1.1905094469467
319.196900267609 1.19359170068528
317.351055806299 1.19291206860335
321.481999466532 1.18260149712511
323.487731122875 1.18823059306479
326.653333547224 1.1980577265568
325.370570453064 1.19229125270358
325.147318828769 1.18814261544658
324.876983445897 1.18763231608529
321.325269033491 1.18906546900965
326.72223700975 1.19140156801463
322.851060602718 1.19087999786834
326.699508630931 1.19356858084855
323.624958896098 1.1916319645622
325.611004278163 1.1889944813927
331.721260899597 1.18694963759918
320.3580206896 1.19075595331796
324.88536634053 1.19196656293275
327.978873538936 1.18630217728878
326.9931345362 1.18708323496332
326.20244583598 1.19444428914732
325.185631572032 1.18764065666183
325.343968908205 1.18524984126949
321.48299676819 1.18736571895834
324.890275770836 1.19065062355707
325.307169030664 1.18769806043419
326.1526499256 1.18483121290419
326.956200427782 1.18979912070118
321.316701933733 1.1892664439031
328.738563339555 1.18959305114428
331.126216737875 1.19052472808109
323.228197491834 1.18675572818578
331.104485274954 1.1855168643023
327.294024459709 1.18404312259685
324.236685764688 1.18873496811044
323.196529281831 1.18734461656226
325.992507096507 1.19008212647215
329.050482602594 1.18964570639643
320.118459054818 1.18711208368264
326.367298969126 1.19012711897246
322.112308511289 1.18448965144672
326.091436706608 1.18332323187548
324.710489036565 1.18826470142192
321.034230409046 1.19085170939514
320.482637894665 1.18941409402597
324.734112552871 1.18425592978264
326.363650236295 1.18359958097175
319.957584681249 1.18630679702837
322.762092266352 1.19163042502706
328.644074111578 1.18846596569678
325.524309307651 1.18541224097191
328.5443397 1.18682447546801
325.104028097961 1.18705983759838
317.793561522766 1.19131850440453
324.261350856708 1.1914653188032
322.794194915687 1.18173825332177
327.017719169722 1.17970097399386
326.041034509673 1.18199654344675
326.316638874069 1.18528444096597
322.3230209885 1.19002900912648
322.381223339355 1.1909733244892
323.329190531051 1.18930933459828
320.661062707831 1.18872076417466
316.672649177581 1.19316098406758
321.90591321514 1.19696934390336
323.490089881285 1.19031790486692
323.00804703249 1.18828940138411
320.994815532742 1.18992086774711
327.923895582312 1.19287858390827
322.664996245166 1.19035280808317
326.022152145625 1.18415993346572
329.323101177451 1.18651345336536
323.482968390261 1.19106139666471
324.813702995701 1.18876404954183
328.630827900713 1.18036724511116
324.818822983695 1.18572596675845
323.684125517107 1.19182088989127
323.499698719429 1.18738807602132
323.45587288387 1.18272232340551
324.54396771408 1.18849035119574
320.380037321536 1.19013117115775
321.813736070571 1.18570780572944
326.445476709779 1.18769099975975
325.505332281349 1.18594023318761
324.317811502084 1.18447694117384
328.19134482421 1.18753117883085
325.666520959861 1.19337243685817
318.703420678303 1.18795484285643
326.098801780656 1.18810677361616
323.074008912039 1.18899107698173
317.047015770341 1.18762867498094
325.947791837543 1.18886604133103
326.23317979934 1.19129581611661
323.055472136535 1.19045379388057
319.512044974755 1.188882640389
326.822822440463 1.19113291850675
326.84837157059 1.19162970324856
325.854081442389 1.19038073483655
331.729481524406 1.18902205310865
320.691537620731 1.18748439170105
325.192399086518 1.18800302128017
330.771914576007 1.18658863376744
321.110962781562 1.19140146808879
323.362861081501 1.19231496249953
323.437163307937 1.18726263572342
322.958003050375 1.18899690357944
324.161944926187 1.18335265589185
318.530077554416 1.18024690778581
328.301087275379 1.18832221843991
326.860081097671 1.19011170312914
325.457834560623 1.18253123636916
322.413489589302 1.18183561808519
327.767631975985 1.18689320110442
317.751246446891 1.18654959939304
327.857560327596 1.18353702332855
320.493032867752 1.18367324922067
325.151320486597 1.1919715747616
326.281553215269 1.19232941383952
326.314382703729 1.18316641692991
322.335321861193 1.18470151583001
325.890606199816 1.19384341877962
328.466544073653 1.1912109040353
320.307802573063 1.18517138740941
322.143109321167 1.18971050261779
321.269019101679 1.19312295133334
323.222075953188 1.19098789236379
327.25392281473 1.1925777267415
321.405406362372 1.19206907059651
321.057079801075 1.1927256971324
323.119923432877 1.19183961703089
321.441216225619 1.1914734448092
327.341246424735 1.18877481206091
327.749403251014 1.1934158781845
325.268008031848 1.19283819141321
323.722321404574 1.1877140610584
323.417942544021 1.18775852125236
322.338276744594 1.19184084986652
321.059403813075 1.19475265017055
326.444917733149 1.19331679536474
328.512701760155 1.18736846332912
323.317372841142 1.18734028495056
324.607494824214 1.19039096256894
324.305673831213 1.19025864431098
325.356682242734 1.19108087930331
323.293350785077 1.19482904624321
329.173441623127 1.19273650293923
318.206974768066 1.18415146119335
323.495833381321 1.18719414326083
327.309329527053 1.19459591508396
323.095016800219 1.18577708384875
325.394079911177 1.18418835100602
325.172874328612 1.19240012138796
323.729755793745 1.18952414192053
324.184054055544 1.18821460295894
329.471595333627 1.18891003363431
323.306653087509 1.19153912294717
324.951554431634 1.19107417293263
330.114935558072 1.18743349198026
325.373491551605 1.18891009768725
325.373491551605 1.18891009768725
311.281749850077 1.18589522909876
297.168737322236 1.18794325980546
297.437504975092 1.19160456126104
297.382738936746 1.18959101362558
305.655338404064 1.18733794185348
295.925253395722 1.19101159200704
299.715585794915 1.19067008249091
304.571469372106 1.19568417552443
296.325188921744 1.19226808904372
297.465415005712 1.18739932595976
303.344529698395 1.19227141616044
298.857455035147 1.19944066133045
293.242593608557 1.19814869727478
298.86772315871 1.19622348453903
300.363564773151 1.1935697891824
303.696684659335 1.18359708597757
304.022788613849 1.19038657382032
297.005862017018 1.19514392499159
299.813485395823 1.18877935963417
303.37683584289 1.19114722665939
299.195377799079 1.19569892019401
302.139198076697 1.19765187448594
303.83411321871 1.19402307971724
299.123153429762 1.18987489422286
299.11775466273 1.19387651344423
298.592811999365 1.19378771058362
300.893751838429 1.19384846976978
301.438692672648 1.195934992202
303.81201788977 1.19218132742845
299.213262639533 1.1892767303771
298.632307392975 1.19629713854032
298.751205747981 1.19360300098521
299.20321318391 1.19073029285138
302.583326884448 1.19310930768671
297.313197598758 1.19412182482601
292.786613006057 1.19291489834874
299.8512455163 1.19011361453703
297.217892318972 1.18971443459066
298.851489963941 1.20004795672836
301.299096790708 1.19517644665614
300.682156602128 1.1893723061889
298.091749007489 1.1869743448557
296.00430108802 1.19276479920085
298.581020410538 1.19822831236335
296.483921853824 1.19579334338619
303.394485525084 1.18911538451719
303.461506376249 1.1931759013623
297.223303524282 1.19738311588976
300.132286491947 1.19186300476379
304.894357127041 1.18816234127626
300.718491835764 1.19057616969114
301.626716953523 1.19563354904588
301.316793828699 1.19448228013668
299.922045746425 1.18952392242184
296.871862500579 1.19196420770382
305.215874097775 1.19431165331044
304.509563664076 1.19687197902487
300.571341286507 1.19079902441983
302.59078254898 1.19209363612313
297.45742480009 1.19362692673362
304.256416599566 1.19643483513925
295.14119174518 1.19661992213103
303.790912704445 1.189375749618
299.484296005868 1.19264397149805
300.141469113446 1.19526427691627
301.717340683004 1.19324856957785
296.329494035899 1.19262393811287
299.409920525941 1.19375728624007
301.512142180455 1.19218589467121
300.936888306701 1.19498613334989
294.970075943981 1.19688936165597
295.120677563921 1.19418268906446
303.678777298562 1.19123387121847
300.804458139243 1.19238672991344
303.195030142613 1.1948919971384
301.340626739244 1.19679215674483
295.773601417861 1.19216319555331
299.259404593909 1.19268460820203
299.298452010101 1.19769894902835
300.402807521854 1.19795203649654
298.019013534035 1.1925870580937
299.143484782323 1.19439561186352
297.655812376929 1.19729865002664
298.973565735067 1.19187514231941
305.936272708701 1.19337444974659
301.48447931962 1.19479083916387
295.485679672699 1.18691371123481
300.949482467433 1.19238973666815
299.648362187767 1.19532257385542
296.530513229339 1.19402073332247
301.173605796269 1.19142434162139
300.047251559148 1.18862819510533
302.378828552026 1.18759601060028
298.442485824045 1.19547877264849
296.311121545701 1.19846132157243
301.764302329253 1.19700994453721
301.479293613713 1.19059562230069
298.778563836515 1.19430732770043
299.317913138239 1.19482829983107
297.216470988621 1.18877650374038
300.375852365158 1.19093930567999
299.688172562636 1.19087777174039
303.133566109604 1.19341854816405
297.341554533596 1.19196160698123
300.590388490151 1.18652338282971
300.782925140628 1.18763132022826
305.565752617383 1.19070994705866
296.691761454743 1.1891290700659
297.565804607841 1.19536163065066
298.054099452808 1.19927757646034
297.706516358073 1.19054447614529
300.678690461399 1.18624819676852
297.377815724232 1.19636303730861
301.833568917859 1.19872159385441
303.783418034075 1.1923420653148
310.079777419435 1.18746812672466
302.027695895856 1.18874851351642
299.107202750697 1.1892013583136
304.528298100996 1.19839644830859
297.28429300964 1.19608368789631
299.024494262694 1.18702503640157
301.343779921249 1.19126821682283
302.263948058676 1.19595918851294
298.453622762652 1.19253633717285
307.49046756349 1.19343668833951
300.941837193129 1.19303178326067
300.682494456598 1.19377556714972
304.990050522516 1.19676982875916
300.296314820358 1.19367953307174
298.188917070072 1.19215096652759
301.424532125396 1.19543078821094
301.09870452479 1.19590496131633
298.71040020075 1.1916741770289
293.968543713237 1.18980323230798
302.585175530622 1.19064937500489
295.666400901349 1.19030443627556
296.701075128889 1.1904498879525
301.440718497886 1.19474806934242
296.614863441817 1.19352453763705
302.010206284548 1.19411038287039
298.998772210288 1.19094311395324
298.255078281874 1.19100717379929
300.71717362886 1.19315594811463
301.454337599918 1.1889740669556
298.751516015481 1.18582100850824
304.572874351429 1.18553849796515
293.924338072716 1.19279708613099
300.011445551118 1.19331354560657
305.443533549842 1.18924015373704
297.872234188815 1.19216261722955
294.633805589209 1.18623379836803
298.457793013048 1.19119548240665
302.356114586431 1.19300973842458
298.395243221683 1.19211437807751
299.66468996342 1.19185655782303
303.585967486237 1.19002175426919
300.266336293821 1.1935803126242
302.423307170498 1.1920777304002
300.26622452805 1.19319984613778
300.940320390355 1.19249781787428
296.544576586525 1.19283140036793
301.71712260616 1.19750365292263
303.794544962883 1.19333127762114
299.045359466817 1.18967786547697
299.882034321551 1.19539492801492
296.766394470611 1.19092252389241
303.538890315666 1.1898272632275
301.913751673803 1.19335587634616
299.462860230957 1.19080017334701
299.205900515765 1.18912046124572
300.553434729265 1.18999652683337
297.637987316962 1.18958127164071
301.483764976542 1.18991367246105
299.909030394961 1.19119049811991
293.489069685485 1.19812829179646
304.125869040215 1.19275021388846
298.902141703629 1.18074371853489
298.159765747474 1.18788527914193
302.706349665032 1.19409145797931
298.674958993396 1.1902199827841
299.439949962563 1.18840226485392
304.856306098734 1.18694839970558
296.129194657158 1.19003036653291
301.442695698298 1.18854776739029
301.444819159102 1.18860613454352
299.671247755536 1.19247490650835
304.221313094001 1.18807625464151
303.600085061228 1.1870866534998
299.917869363021 1.19027151539838
298.070768284779 1.19124189672998
297.456782801364 1.19171516150654
296.41905524159 1.18918422510232
299.988590328609 1.18661070970773
300.567939788225 1.18786711835691
299.467386431525 1.19201116484867
299.239097202253 1.18920970217548
308.384261409391 1.1851104581393
295.400142777791 1.18959192137378
302.817922534301 1.19866079672966
304.398292930502 1.19249660370778
304.398292930502 1.19249660370778
288.292181389834 1.19237423552188
276.109126949283 1.19359409009151
269.866963420026 1.19743601999822
277.385225005019 1.19416986844143
274.883762561296 1.18871642348497
273.289474197393 1.19493583517802
280.020659211886 1.19788770119899
275.072164995376 1.1932561680959
272.409902425799 1.19062477021496
273.516416682676 1.20013016418428
275.912360468647 1.19960178006644
274.184775965078 1.19035027958636
276.608666233681 1.19561664129532
275.472254120284 1.19684511661943
270.768570961312 1.19231148906894
274.344118088243 1.1904744881193
272.876726648007 1.1930282337851
276.102166296991 1.19756846488862
279.710039828601 1.19403262094081
274.410655677518 1.18718882749497
272.743351588837 1.19405123300494
277.866605270141 1.2009783927261
276.867366992307 1.19355921387418
272.987981675534 1.18848918664695
276.62289957142 1.18749781335179
274.231054654625 1.19221261224703
279.997973185028 1.20002468386963
275.701425521757 1.19662730042026
274.888631792353 1.19267758512594
276.769092930111 1.19576481333078
272.441738451412 1.19297302588922
275.249647692275 1.19309275797108
273.326311189218 1.19374367282208
276.510191549772 1.19606636590089
276.767029391899 1.19417887132807
272.437536410975 1.19609181253982
277.322168312629 1.19369039843866
275.701405177263 1.19539794519653
271.827473533361 1.19636330768498
279.138578876211 1.19889677997855
274.908104344091 1.19596596037285
271.308272963732 1.19201810864806
277.557661228215 1.19160509491753
272.862618501595 1.19641589507261
275.80263097878 1.19452440206201
281.379825519388 1.18933055727635
277.11432159187 1.19736153482677
275.741621848645 1.20148555726223
276.115490255111 1.19403220824224
276.853897420753 1.18732766663044
270.386706051271 1.19461764951931
274.711688034266 1.19808647615996
279.316654758544 1.19091942185492
275.93712231044 1.18793508103593
272.84093848425 1.1979211714984
277.423439267332 1.20084931617362
271.44422552797 1.19109194685397
273.438864322782 1.19327296654942
277.740727477725 1.19746032889244
275.461139133393 1.19656757033528
269.804572806642 1.19268637614721
277.579029196101 1.19554584321587
274.14162219561 1.19913171525202
276.12310493095 1.19749189981642
272.153613785393 1.19759320529013
276.260655817342 1.19838099359834
275.464394299271 1.19520812697562
277.520845189211 1.19587167859317
278.015856176814 1.19784072791702
274.084511496285 1.19598741097983
277.638377037069 1.19777134653272
273.440369902257 1.20210495108511
273.455399072453 1.19677191695235
275.11039829404 1.19495572107645
272.686989409251 1.19841129649114
273.794300577276 1.19812639682889
280.211675519087 1.19396546896872
271.944928209006 1.19337837428339
273.463404368672 1.19804457960488
277.771936687408 1.19780729642899
273.244670391266 1.18940329871118
272.030795220017 1.19285881314712
275.481663226491 1.19788307132462
275.444738243343 1.19925571958783
268.26572950996 1.19633266925951
276.591405563469 1.19259778461409
277.15851591261 1.19145012298893
273.788383990411 1.19942126212082
271.093809081365 1.20171113847048
275.453271611092 1.19356489871995
276.253825514554 1.19481964740984
269.758042007398 1.19849326835963
275.575703196554 1.19916487134765
273.921154209484 1.19745921041511
273.475529954463 1.19892001436038
274.033143492409 1.19820653964378
277.40601794726 1.19655836297604
272.911749396823 1.19564619273724
273.726697466124 1.19534189855774
274.953612681269 1.19335519363192
274.785312683105 1.19839232801062
272.759433910098 1.20042840917393
274.768057181374 1.1977903255363
275.816669055 1.19350114772817
273.456274608617 1.19920555371109
274.10891363419 1.19551560945217
277.265595007167 1.18992912297431
274.042469481068 1.1956199709214
275.856106941952 1.19509669174255
276.381837783305 1.19747027378507
279.353069836216 1.19646352404283
276.069621231829 1.19577916069238
275.701212955933 1.19671560282163
278.123282338245 1.19777975606178
274.074614747476 1.19719285855697
279.760371838497 1.1959110481659
274.771825279422 1.19557765391172
273.21995784776 1.19836798994649
273.319276347052 1.19703230066099
276.516564521634 1.19537678504023
270.807306923545 1.19092369523831
275.103240804412 1.19929163531607
275.466162437158 1.20338330449143
271.076832267987 1.19365615451715
277.712136841302 1.19220557957854
274.037438865522 1.20084829109038
278.690849789496 1.20000011640476
278.232581889597 1.19426164144365
281.532133394875 1.19524442368678
274.36053965994 1.19950976542101
276.207713419298 1.19849569736256
275.96211052555 1.19643613367073
270.251333371985 1.1982864677021
278.208412695573 1.20133987175408
276.840132906221 1.19978817838931
274.892133398444 1.19314890078527
273.382922231441 1.19535948182128
275.627582502705 1.19739667213229
275.573837474269 1.19479299838373
276.970952994525 1.19811075934702
273.870209418322 1.19894882793796
276.708497481752 1.19820350819492
275.053028446099 1.19701470707645
275.429116990277 1.19414414307264
272.197143255047 1.19702920689794
276.356816631198 1.19769333379738
271.453657513971 1.19498326091696
276.482095549408 1.19860993405601
274.467185951621 1.19689741318157
268.820081508147 1.19437622318229
270.803544042062 1.19320786680505
276.181747142026 1.19779531422903
270.437364811024 1.19696606308118
272.654864928145 1.19851615228704
275.248072474446 1.20151401541928
272.404782846556 1.19944378507753
275.225273519616 1.19544412105531
274.297800790391 1.19595269303649
272.09825199769 1.20039913351356
272.444989460054 1.19599329921708
276.603685180873 1.19289195951418
274.007297092841 1.19762945623591
273.835393829643 1.19986854144345
275.614707809554 1.19563556558812
275.464242954559 1.19345379377351
272.203393957952 1.19367321378296
276.859360323702 1.19975073570573
271.61172060312 1.19568379146915
278.835195518636 1.19135325232478
272.708192884503 1.19708628732655
275.128988837455 1.20167837695444
277.834060500046 1.19441372239853
277.77903239265 1.19399186511182
272.935384076453 1.19918022851206
276.881058033757 1.19505142323929
273.577711244406 1.19856836985247
273.523050439145 1.20021011589672
269.753857624019 1.19328968353683
272.191964954836 1.19152404078215
280.562763974437 1.19662066953164
272.025863284261 1.20169495391014
270.835148040034 1.19608255600913
276.479028099195 1.19219926766941
274.062906853605 1.19273330836957
270.677349066371 1.19684924798767
277.485492917255 1.19549772983015
272.910709178904 1.19566778966004
272.761151334564 1.20179214053308
276.122093232578 1.19649987161829
272.330373220212 1.19471532770834
278.854408703475 1.19451214607353
277.021323898758 1.19389717036899
272.514094702394 1.19812138479611
272.082035994368 1.19476829275494
276.919998784501 1.19079518519189
278.692605950882 1.19335855835283
273.602862046807 1.19184253973717
279.085143777784 1.19260126939409
276.452829214903 1.19659083315682
273.293509773644 1.19438911332209
273.293509773644 1.19438911332209
259.826697616099 1.19684608982937
246.961369364802 1.20377092606788
248.443270051903 1.1959149365723
251.951927277203 1.19579658281633
253.089484281618 1.197642287109
247.552064373971 1.20137944404144
249.53491676127 1.19869885228677
252.313590123872 1.19412068732908
249.889985353085 1.1962726427149
250.188635319302 1.19667234128252
250.230828736262 1.19716625362327
245.820581647144 1.19674444185832
247.391036143193 1.19846410982832
254.212424938867 1.19862450707377
247.75319066087 1.19526669786761
246.739629074968 1.19794876819642
252.077262528502 1.19620676188161
252.701208528815 1.19242395566646
254.540990322054 1.19876203582042
249.429063649595 1.19596888000659
247.655058993357 1.19807767801322
251.805789944732 1.20167833713606
250.825211789738 1.19495574103941
254.064057244202 1.19613761451054
247.158208846868 1.19984740284852
249.434657437974 1.19829314462193
253.600963946848 1.1939772682376
254.411947819853 1.19607069649844
251.250516972341 1.19561967109123
248.758521322478 1.19666079988734
254.471322154854 1.19571377387449
249.440870005273 1.19641057962086
249.394836552549 1.19652690956312
248.988543223601 1.19805293872941
250.956353672944 1.1996961208709
251.202707729265 1.20021391580189
247.679461545109 1.19801262705016
250.547613712705 1.19448647072104
254.52049049636 1.19837776555011
249.069586852634 1.19778547373839
250.174194718341 1.2015528162972
250.029306806138 1.20345688458085
250.616825933467 1.19864249257609
249.102317302245 1.19625038776778
252.360972608617 1.19603901189534
249.564586582152 1.19934109176786
248.648876042132 1.19889809968813
254.182332284132 1.19771421471962
250.80404020346 1.19866199631798
250.238489627714 1.19871723353389
252.200379913091 1.19605598126103
247.640579358939 1.20158545917838
251.282533666331 1.20177519302745
253.835569608789 1.19492892312942
252.805052514881 1.19338020523961
246.339253027087 1.20026790280023
249.800557003116 1.19795271852849
254.075560634896 1.19847477437351
248.743927055851 1.2018176890049
251.927290300544 1.20001155078543
252.919489808196 1.19680922803981
248.138298174392 1.19438269377639
249.006260574035 1.20783902143202
252.230617506856 1.20120989521515
245.055860944304 1.19492457621157
250.806164396391 1.19761937762956
249.830113692303 1.20175255324172
247.921035578422 1.19943650890264
250.530766455154 1.19620554421543
256.07594515099 1.1988840211497
250.62485898516 1.19928346505331
252.952156127642 1.20063495815204
252.695609650524 1.20032431095733
246.242385785588 1.19618494554541
248.265056857869 1.19789794026125
249.324714156739 1.19957018566359
248.993469375497 1.19738638713962
247.396531988099 1.20219027614559
251.622793495279 1.20154533709441
250.24743968445 1.19662280097756
251.895624134887 1.20105361025107
251.824470465156 1.19794088934057
249.328586787074 1.19618852200227
251.197446833848 1.20031602822313
249.987872916254 1.20113404404035
249.074589188596 1.20226190003472
248.99796135257 1.19333313679365
249.865629217322 1.19821241380287
249.078224018752 1.20451897993187
252.808387087547 1.19603552811646
249.711687398296 1.19345559880866
254.63109476329 1.20235310531236
248.781791759954 1.20769091721075
246.759596902409 1.19734721614592
250.247663781487 1.19570597863679
246.608433541146 1.19846707077451
249.124798960574 1.20237715729578
253.313639361713 1.20025082097296
250.282715274906 1.19780417927551
251.04087745559 1.20231308182973
247.324374917956 1.20138218433826
248.580223797952 1.19998639517519
249.740908151482 1.1962920563818
249.878854350014 1.20041453438853
247.428036733127 1.20220073063498
253.878746342137 1.2048484288205
253.101738092738 1.20166774945262
251.126962011184 1.19952359936492
252.013687048459 1.20261175389742
256.706751654437 1.19726239058904
248.549040251676 1.19673856721939
248.189741172103 1.1981082540092
251.263386002341 1.19727289276087
254.180269859613 1.20261914591602
250.600523988669 1.2032357072492
248.13105338754 1.20048109334404
252.924893711101 1.1979441588231
247.647925381085 1.19865205747918
248.935663996407 1.19997137244157
251.840056041107 1.20160582258266
250.723490261798 1.20331844903018
249.526051253515 1.2061699873978
247.976767300915 1.1979913152418
251.186434786268 1.19957831570369
251.650273080133 1.20702643816431
249.996764480239 1.20061223433354
249.704757258859 1.20086784172223
251.307823099297 1.20178279534668
251.900835460556 1.19915736635568
247.292846113716 1.19878584041614
251.520065186891 1.20237876438981
251.807390668626 1.20283660049798
248.075983684357 1.19863083418873
250.344829223027 1.20032677640747
249.185341245182 1.20369403832687
248.170192034392 1.20015237019668
253.064212155438 1.20560547885656
248.595243875754 1.20661895461783
244.743721591652 1.19672445236126
251.276398968122 1.19755536916427
253.991559370368 1.20194208260617
248.610643857774 1.20148251978831
251.742865605351 1.20203691886122
248.758500221313 1.199953287484
252.602649011499 1.20019830216911
248.266621358835 1.20414936489091
248.516564894827 1.20044803166267
252.706041057573 1.19898442449189
251.944086662033 1.20320434434615
247.699550592062 1.2015640246669
251.501479156321 1.20231746677477
248.772778153244 1.19825711801951
250.662898630947 1.19913973611764
252.652309104163 1.20504445306995
250.979707692136 1.19865317732519
248.536499144177 1.19580748261196
252.713326817755 1.20337793947992
248.801083309616 1.20628480961567
246.962377074367 1.19273301380844
251.417983464139 1.19793989905589
246.849180393058 1.20305133387818
247.301451782816 1.20446832688271
250.511045690647 1.19983723296124
252.548586733256 1.19947614099552
250.627517972954 1.19704382710616
251.989083325714 1.20069887033458
252.388941827189 1.20068042313232
245.755757249717 1.19568157044027
251.383133762299 1.19883708610632
248.407664621419 1.20405102468576
247.990072252022 1.19904850606783
249.823299374 1.19832637016357
247.320194105404 1.19909662554961
247.373586074756 1.20100732269471
249.84051584016 1.20099166422775
247.758137711166 1.19724193946557
248.145748571296 1.19971872397934
250.538904286506 1.200798881707
252.379080216788 1.20221592330842
246.919630952137 1.198461146155
250.78234209293 1.20194834434082
249.865987471836 1.2034601859048
246.860580845612 1.19840084873512
245.173106369977 1.20482684262086
251.557112588424 1.20372566252683
251.958003328454 1.19726173334701
250.887874105753 1.19805176635102
249.349929674469 1.20434034892983
251.61936215155 1.20048437523998
250.23526536246 1.19451168838019
251.283256507122 1.20368020736152
254.767181691348 1.20376534012563
250.391806371218 1.19739134094482
251.411307651185 1.19872026551332
251.198604934676 1.20421137834311
249.776444849498 1.20408809479796
250.404460684794 1.19975478017748
251.730694834454 1.19595372215393
253.236407360667 1.20187825402119
248.618275645352 1.20160654126655
